-46.50902079719836
-46.53624205808613
-46.541437056280294
-46.41213601429209
-46.794413512775066
-46.531241882427665
-46.488537559470316
-46.57627464260412
-46.426352534347814
-46.57868966221244
-46.69265279384496
-46.53454075862307
-46.502508193875336
-46.630497465535655
-46.47880385674086
-46.65775989880835
-46.66931144863909
-46.507129332715735
-46.76349105759938
-46.41317303896283
-46.56768943715058
-46.533593769146094
-46.577426131483776
-46.701217518769504
-46.52308761017203
-46.6986899678034
-46.62034927350959
-46.77340666718069
-46.69411890449184
-46.66168176898037
