-23.547038101363697
-23.515938709435556
-23.5467193400287
-23.55727752297685
-23.49775923564344
-23.516416948995705
-23.548554652641045
-23.561549391067082
-23.599301293174065
-23.52655965095433
-23.552524445425995
-23.569045300425515
-23.536794851980037
-23.65914433181561
-23.526338609718056
-23.715684810957004
-23.567018835088277
-23.596558792236262
-23.521508604912867
-23.59847947668148
-23.647296349586686
-23.647384339840965
-23.513826112414556
-23.536957967061262
-23.540519433934307
-23.50705073892063
-23.640073884428407
-23.620461564901934
-23.63792810927716
-23.519342728635817
