-46.69342461171062
-46.546659592454056
-46.78336040318988
-46.6617716243211
-46.56640962365562
-46.72898479609931
-46.54308954085337
-46.63744381647862
-46.61590219182438
-46.73521727759021
-46.4470949795468
-46.73987904419098
-46.42873318635988
-46.479777004689424
-46.669446124333874
-46.610760943772874
-46.586760604174984
-46.5872772990136
-46.75874978960425
-46.54437077383027
-46.59811037048572
-46.51407002046064
-46.585951979882935
-46.7269388112167
-46.43848338925374
-46.421357410955764
-46.443963612608705
-46.77324720938927
-46.51743322905794
-46.48600624568035
-46.49901492435034
-46.50832889557617
-46.41573212505109
-46.61261544573181
-46.58885621206801
-46.57110466386463
-46.68616328284928
-46.777988314597266
-46.70530362712288
-46.489264342689594
-46.6210235970241
-46.401238324106124
-46.445416470731246
-46.43167495840909
-46.46175172945985
-46.49093441457667
-46.79485794105424
-46.43072450079588
-46.7592173936498
-46.53832684054816
-46.69538745878976
-46.49578771203017
-46.58541817164033
-46.40685567415833
-46.56271793049793
-46.445944811258535
-46.64649624853819
-46.62702733014683
-46.55822522167832
-46.475858966426415
-46.70423455525193
-46.43726044161444
-46.58623392355209
-46.40109735470009
-46.75599258879196
-46.43092231755969
-46.45373867920252
-46.49245624044545
-46.66730774593797
-46.43047124090166
-46.58970319706234
-46.66039030915334
-46.55645174022659
-46.479157002125774
-46.479449376874655
-46.61461662290564
-46.426794276869586
-46.42501715496614
-46.7537575382379
-46.737012453454
-46.65419085693389
-46.63039073233419
-46.67774096778859
-46.64941018697512
-46.41593223278658
-46.75316120884592
-46.51941958716651
-46.617889386054244
-46.47547488297413
-46.52053166442553
-46.73306783389131
-46.7270218995556
-46.44941753485046
-46.786832813862425
-46.7781036043831
-46.43606744856844
-46.75017658861524
-46.47587551453286
-46.43331223891227
-46.44219613051884
-46.60540269826494
-46.66220706890697
-46.7481598504296
-46.4600398992051
-46.637179225966165
-46.42008958896421
-46.73815371466594
-46.75034985897652
-46.554535156152525
-46.441437628536804
-46.46062248925647
-46.68512070522962
-46.641599630185894
-46.578793505810914
-46.559907973270775
-46.44515446056457
-46.41415006423869
-46.6239154130289
-46.49285585775771
-46.65183823257563
-46.50071413656115
-46.790532083848234
-46.45648522982004
-46.608726566044865
-46.449011036413246
-46.417902403554514
-46.66713840630438
-46.54651808803514
-46.43637238112874
-46.54394748198525
-46.72838554749906
-46.5866026623916
-46.72673126588631
-46.72446950767694
-46.69962112585873
-46.66194019990403
-46.45530215795247
-46.42805007908742
-46.5842608330719
-46.73930822005631
-46.550616899144984
-46.55565081955316
-46.52337686837025
-46.413605127043475
-46.5802601092873
-46.41125191479746
-46.56362818584151
-46.602778423067825
-46.647471796183396
-46.55794520278006
-46.65487222652158
-46.52201753914621
-46.65266935087159
-46.64816458013957
-46.6397172020191
-46.45702639238152
-46.731554930010596
-46.50553739314844
-46.48817285449828
-46.670186784194115
-46.68802295296336
-46.60517133799406
-46.50037670841172
-46.449528611618426
-46.47125184269047
-46.524500322510676
-46.61943011680595
-46.60535322468935
-46.62989482751068
-46.58489127402624
-46.68812419721248
-46.58296965181247
-46.575313515266345
-46.52134165671098
-46.74287841088861
-46.732586235896754
-46.73968325253187
-46.429736481324255
-46.730468377292866
-46.52146302286312
-46.49626598708691
-46.54788244992157
-46.57680423705042
-46.54002521885994
-46.62867403439586
-46.5237355426167
-46.54883857378629
-46.52967564197917
-46.453784340646784
-46.66913576784577
-46.463202183861014
-46.67367523822171
-46.584174997237504
-46.4906989543376
-46.78180419214735
-46.5687011514548
-46.570973483945686
-46.68059888418859
-46.41102209679905
-46.44730372932083
-46.65195732378818
-46.52333565655305
-46.54052726926042
-46.58579594223503
-46.61332439370698
-46.757913617060915
-46.6923801802239
-46.53542051929864
-46.556550362612
-46.73141663603871
-46.43484309287798
-46.43720977047949
-46.53050322405189
-46.47187289369258
-46.710880109261275
-46.75316668674736
-46.5055626444496
-46.461508108716814
-46.65467232274111
-46.65622838680881
-46.523674139210755
-46.72908532943057
-46.62631562180413
-46.50515779451134
-46.410430994583045
-46.73001487749307
-46.69704037848154
-46.45268089940883
-46.407814201676956
-46.70112825286458
-46.486284015863895
-46.7382726726744
-46.649616623050655
-46.49087367965859
-46.660460008463055
-46.74617158488555
-46.695391089458596
-46.694815918805524
-46.63700777382364
-46.69063105688179
-46.60262659493297
-46.497754886130906
-46.6981031024483
-46.63463926042725
-46.48117557400893
-46.49765352277736
-46.60037909194412
-46.524119329322154
-46.717235274786624
-46.44214672933932
-46.42533044413571
-46.45640604673785
-46.59726886463253
-46.53304190393976
-46.764985985007314
-46.47468192931511
-46.5082439093258
-46.6572246240505
-46.64678013622104
-46.69353286286226
-46.679032311830355
-46.40865564719945
-46.63942573412049
-46.53023303006971
-46.45434551231033
-46.683754588479296
-46.65182300180378
-46.57554310574251
-46.432028512885786
-46.66788174748398
-46.723569721884566
-46.677834874238364
-46.56139331458976
-46.58966958312099
-46.674019357888554
-46.56493462590441
-46.50865978130235
-46.764471031583184
-46.76836179879276
-46.535106803743204
-46.476457678949934
-46.41705035127247
-46.44495019621406
-46.399126370823
-46.44593658022217
-46.4197073865631
-46.44008318972105
-46.415155054937
-46.69666962633962
-46.57091343642105
-46.602352361583655
-46.58141382044189
-46.68316392430582
-46.42656002002766
-46.55774560848838
-46.51507154187713
-46.474268505102046
-46.56646721915235
-46.606186004263975
-46.731787205348205
-46.66929622076194
-46.782639952046864
-46.556027275107624
-46.637558339191834
-46.43308880689754
-46.65135449734691
-46.72780972637526
-46.77966049488714
-46.47941502320688
-46.64602811265692
-46.63521153412782
-46.64692026221433
-46.43049875969039
-46.54633256914271
-46.63672283186307
-46.438772606306365
-46.584347266461386
-46.443806447959304
-46.54693039330701
-46.704522270485164
-46.4968222609068
-46.423809388128134
-46.43185470010658
-46.5342414289892
-46.511605803991486
-46.74619517131551
-46.43465339924863
-46.74701632062862
-46.71430456536812
-46.59861129853251
-46.74731794361066
-46.716293146538064
-46.479963546781036
-46.612195219653714
-46.54336891278854
-46.724778460581895
-46.73276095887678
-46.55678234156424
-46.44616075107642
-46.755653671456855
-46.44197940199244
-46.50806725126753
-46.67248720035975
-46.52943207267298
-46.59953250587161
-46.73521657717154
-46.61479897651784
-46.49579843343069
-46.67583559012057
-46.675149496305046
-46.65070720558688
-46.47943284872071
-46.73364001978573
-46.41270479429958
-46.443648509285104
-46.552685565267744
-46.48065499202176
-46.52839048668966
-46.47424136380281
-46.5136152603947
-46.4661736187354
-46.57934950846135
-46.59534350911652
-46.415208898001076
-46.58484699373816
-46.663520772344256
-46.715924269912115
-46.74177316782824
-46.45906650281834
-46.653394973712125
-46.73354417391047
-46.77908662857686
-46.52599458632842
-46.52763301714347
-46.6954763900102
-46.66722101315029
-46.60355346790121
-46.416590724369485
-46.53206297771167
-46.6330024114992
-46.77915537345419
-46.49893792158576
-46.50129729089473
-46.742732292902645
-46.45609248744532
-46.61874534893817
-46.67444193575126
-46.434814304057454
-46.73830031697647
-46.75990074645427
-46.64979814125205
-46.71114410419979
-46.55961125936774
-46.422111590279094
-46.509866314392674
-46.57049236404926
-46.57400271579822
-46.70077296609973
-46.78255411801876
-46.78182752816671
-46.43942404983235
-46.40091650662505
-46.56213377803424
-46.55509791129441
-46.75982216684157
-46.39656767627569
-46.65213414248347
-46.47246583254768
-46.483840619067955
-46.62163966556553
-46.7421750664708
-46.48949263708312
-46.57657671619099
-46.53020301538951
-46.473650450012386
-46.41579167324263
-46.509633368620015
-46.66135261073202
-46.45706824025984
-46.47395446124307
-46.779958285906936
-46.52121803418021
-46.593907373731064
-46.54482632441692
-46.61854552456073
-46.41563953045133
-46.529078206519635
-46.72034210744709
-46.67484337991325
-46.69391307431441
-46.61880781389726
-46.55214651649196
-46.74483845225194
-46.61023194008622
-46.44955916839041
-46.5971785853354
-46.410516240889024
-46.42704636686224
-46.669563035869636
-46.50465373602642
-46.47622557872367
-46.747195440152204
-46.773097181386646
-46.67392546104106
-46.7940286412901
-46.74809695715879
-46.55733989786898
-46.757208452556625
-46.46699249192288
-46.6113402274785
-46.73631622281562
-46.62965418076766
-46.52452003338164
-46.76414707632913
-46.720925785772984
-46.73195347993695
-46.57199704263104
-46.681358624797966
-46.49689364513587
-46.43964069571969
-46.42475673987518
-46.78619008928405
-46.44602021166436
-46.421975351573806
-46.47275252778445
-46.65054903601839
-46.52182191588651
-46.491579030007216
-46.489563198163204
-46.778851415578806
-46.43845034778439
-46.59131609828082
-46.73313180540851
-46.593397029284496
-46.65288596729504
-46.45200659801191
-46.68296958091897
-46.778743086877334
-46.51279690811498
-46.732957331437845
-46.71673332444662
-46.703321184137856
-46.582713189035594
-46.630352907608824
-46.62370117305897
-46.57990668692417
-46.77613775762025
-46.49572072511828
-46.7884301283975
-46.67454125417996
-46.62347747561444
-46.508290144496414
-46.586140625668804
-46.674557592469306
-46.668740777357385
-46.59965592115872
-46.76669985720594
-46.592583841026055
-46.464580247788824
-46.7698846749117
-46.55265536232628
-46.79027665649371
-46.78240788866681
-46.712614960502094
-46.69817682585104
-46.65808760353614
-46.76919574854706
-46.71244787315514
-46.76465260491286
-46.71600798227466
-46.485100702044996
-46.46164517455212
-46.78785647393576
-46.54873121539337
-46.641696551990854
-46.50499672873917
-46.77342110426008
-46.46733352948865
-46.71840687052872
-46.49377860715971
-46.63252614727195
-46.475675206439234
-46.42781081159165
-46.6527395813951
-46.48259183448852
-46.7055005415586
-46.50044075988806
-46.73582356185138
-46.56003750337079
-46.44086908078674
-46.535568018239836
-46.47837847045151
-46.706499979540304
-46.61087238797455
-46.67553752476557
-46.44855497156936
-46.59537944809471
-46.49490404286753
-46.53347287959302
-46.59111630618384
-46.55603494454484
-46.72058360566134
-46.55773282420449
-46.7850308140567
-46.72208758009436
-46.61931403418897
-46.59793170180152
-46.47480773429317
-46.47478013116335
-46.706173633808795
-46.63426005377075
-46.457148691298435
-46.53195613017283
-46.51706344415038
-46.53088564827402
-46.40044752514372
-46.41537262557976
-46.77304370569291
-46.612749898689145
-46.60389050532261
-46.53424072405274
-46.70190804352904
-46.40803166874247
-46.59612397974819
-46.76463976878138
-46.576381109239506
-46.51604658765562
-46.58627866838746
-46.60264004366028
-46.42377367702616
-46.50573348570459
-46.76741543272958
-46.439936524458034
-46.6407526757223
-46.63372222704054
-46.633908952626335
-46.428849017291206
-46.46243603399091
-46.462538298426374
-46.7060342075539
-46.53639278430438
-46.57680095331925
-46.54701794869661
-46.72915674711363
-46.47626213589967
-46.62114545416527
-46.71813124036709
-46.569382427955766
-46.48929966994484
-46.48759427894356
-46.71731877647335
-46.42530655183807
-46.47688215721133
-46.44096676815011
-46.53933553340513
-46.45876862480265
-46.39904758186076
-46.75033896927996
-46.74428938329141
-46.509193645344894
-46.5361124049265
-46.770199466196814
-46.5489316481708
-46.4585062521616
-46.468976189774224
-46.529894777301976
-46.756371475415044
-46.50854404456452
-46.72151601217345
-46.573830152151764
-46.411412086287406
-46.68105060406838
-46.604334357384914
-46.49198846879438
-46.7381743135032
-46.63316582493205
-46.65966540874937
-46.49978507865024
-46.43453594212984
-46.783792378332414
-46.47431815555537
-46.60414864324042
-46.39739105645002
-46.42759969667886
-46.78443369658484
-46.76669534662048
-46.5584483527545
-46.70310643480173
-46.475303458391096
-46.75377026947859
-46.460874816450705
-46.412291320534756
-46.46418977388564
-46.515591488721675
-46.67906847480592
-46.65319921448361
-46.61482765019664
-46.65053025635508
-46.46515932981587
-46.7037063227237
-46.721826969511504
-46.65250444168309
-46.48626906157862
-46.733795749158546
-46.65315224574787
-46.59538546625829
-46.65145960818749
-46.70409991971952
-46.52879619508732
-46.70648409831374
-46.61013779557091
-46.75644916743314
-46.67815324782264
-46.42186802790357
-46.629082802477726
-46.67074868953713
-46.52470198171778
-46.78605648305905
-46.433710730946274
-46.56261724025502
-46.749120945740124
-46.53185814055228
-46.43700002946902
-46.75772976590161
-46.690737508897236
-46.611583934184274
-46.4650594872856
-46.49639545528971
-46.731739769024045
-46.54500954024047
-46.67532559393746
-46.67104441025232
-46.58213909322378
-46.61563714934266
-46.57557215258653
-46.78250255777462
-46.620575926949094
-46.45314421832448
-46.74165996005694
-46.4164680074256
-46.78673578941266
-46.467419889270545
-46.77932135831802
-46.573175276476476
-46.42029354753068
-46.60359868067263
-46.50824209738078
-46.59291656611791
-46.78914346525767
-46.48830956546061
-46.60956567892713
-46.53401919551032
-46.58108772777666
-46.69273066394703
-46.791031443473
-46.548893994221935
-46.491069478510504
-46.53528481683216
-46.53667264411902
-46.41708579039365
-46.53260509409936
-46.735808913492235
-46.50024433522978
-46.63888095593444
-46.63809747033432
-46.562148362087996
-46.57686061362443
-46.74647906982898
-46.55987548844313
-46.44680886610847
-46.43658539375832
-46.744161028516714
-46.54333439688734
-46.639409971748826
-46.52693186942186
-46.73024695909535
-46.63069582722371
-46.5175706475424
-46.504748353052804
-46.61312053288251
-46.5916659442683
-46.54431547541843
-46.77256618905195
-46.60156838789469
-46.43680093064515
-46.70827767020143
-46.48552317205169
-46.64492453700152
-46.59713154794268
-46.531432517744506
-46.66425791882993
-46.744067722290545
-46.733396998762906
-46.55125020216177
-46.606183957560184
-46.555335099693124
-46.496262624463704
-46.468628376291285
-46.49495824790361
-46.691512092907686
-46.45003418273428
-46.528334783668235
-46.608986664440366
-46.564056878011876
-46.62520185092547
-46.49259067597997
-46.42240926286128
-46.477847970207975
-46.61564425978661
-46.767368160988205
-46.636974156677056
-46.721489331629584
-46.57882822508226
-46.78090138453121
-46.565246886846346
-46.59351265550864
-46.766636652536526
-46.60403543157109
-46.6961928165947
-46.67034327510416
-46.597523576641535
-46.46435435506592
-46.59785347569455
-46.75360147831266
-46.39917815078015
-46.44851471891514
-46.64576337701641
-46.68364982029952
-46.40626958134842
-46.5383590334794
-46.78817693742192
-46.423530186974354
-46.727378851492745
-46.615509765572575
-46.658968949524905
-46.63077592583967
-46.59979092027575
-46.45296847284152
-46.65375887826065
-46.65770448839803
-46.74958692959042
-46.46588272494629
-46.743918735359486
-46.61726959053636
-46.64234260301772
-46.45700458248746
-46.7578571126131
-46.66688165924792
-46.634451202053754
-46.42225679758637
-46.70621579573051
-46.48102777314723
-46.56152844075956
-46.69403295016772
-46.60803599189058
-46.5812754541376
-46.49810127197364
-46.53425341108127
-46.753970292296955
-46.54741258173878
-46.60829061691876
-46.64253084117791
-46.73629732072905
-46.731071318816
-46.57291149733054
-46.71969540285886
-46.67729985420784
-46.65111913630136
-46.771217791250166
-46.50716150648735
-46.678923175429475
-46.655179185230686
-46.57589669709816
-46.612563297618706
-46.505307585447476
-46.68416665490113
-46.54242527869303
-46.4752325396113
-46.66431566604142
-46.74466956788553
-46.64080550577253
-46.78172932227693
-46.56428034739363
-46.77433289072896
-46.57669884645244
-46.44864681042921
-46.71735336326636
-46.59839566727497
-46.667858564352116
-46.75627195676406
-46.45955960308963
-46.40786451266071
-46.702619212942224
-46.511104588759586
-46.47207387324712
-46.433738074035354
-46.664343619871275
-46.499104839226234
-46.4590600343359
-46.54456846932581
-46.58088214623854
-46.416007745106896
-46.75902441491862
-46.7117549243837
-46.49704945577064
-46.577847812323675
-46.6824805801388
-46.72030083242431
-46.54618076617972
-46.567960697131014
-46.688721801333045
-46.68856377044308
-46.57052944952516
-46.65492722416467
-46.42089244745411
-46.61708155448017
-46.58867955206223
-46.49478603572314
-46.541785706502516
-46.404743590855965
-46.529956992129826
-46.63342933792058
-46.45480374485888
-46.74204508024983
-46.635844287724154
-46.7146123176736
-46.679406314347496
-46.57126052028539
-46.42252496351154
-46.55313641409891
-46.71787504596055
-46.483213258026716
-46.514269829795865
-46.507280317805105
-46.49634129220225
-46.72415605476537
-46.72566753910217
-46.57954498157496
-46.69796640993282
-46.44527073076671
-46.52009630226638
-46.76316265523439
-46.48838757249464
-46.63597918191218
-46.40745470290092
-46.5873137595797
-46.44202420923754
-46.73194235459933
-46.70619725567458
-46.516897698946515
-46.75265490806911
-46.70389642043251
-46.54238092561352
-46.62933837016968
-46.52367344945921
-46.420984094012375
-46.778112453041274
-46.48845175914758
-46.634993656048884
-46.54427568128972
-46.57965452234235
-46.771055617920204
-46.701721608360195
-46.57754673080266
-46.64565092490611
-46.44674397482706
-46.554136119337585
-46.42179210024236
-46.49662770811657
-46.745676899632514
-46.59561629823742
-46.541543045329085
-46.4677552287047
-46.7885447383116
-46.66463574641665
-46.531648349978354
-46.691315564450925
-46.69235528426965
-46.614943086423175
-46.7692955313748
-46.78621954918448
-46.709117253061095
-46.74585074625241
-46.407723000798555
-46.53121487663077
-46.67134217092747
-46.46148953952358
-46.42571467487757
-46.63528237213812
-46.423396117443545
-46.762969908643754
-46.42273273011184
-46.63989884098281
-46.44883210407386
-46.67394005265043
-46.71208315877222
-46.463362415698185
-46.42443550438613
-46.61171844473146
-46.4328321164436
-46.629811018705446
-46.40361496288527
-46.65879449402268
-46.48553278954387
-46.76651615393877
-46.60072043828301
-46.535648618221806
-46.63218729799631
-46.7639878411413
-46.684913938870544
-46.40493205140337
-46.772974335352544
-46.525054338522445
-46.59583299432965
-46.52077415882978
-46.65446838238523
-46.503156256593684
-46.577890141086385
-46.54331977761405
-46.467729631038004
-46.70664801409393
-46.63439401198315
-46.603132374051086
-46.64426283319241
-46.55821568610984
-46.57549284197038
-46.58432407536157
-46.73031120732547
-46.75670340714375
-46.46985429380198
-46.68239134118921
-46.60508771090359
-46.42937784898747
-46.79292298806521
-46.73014778875173
-46.64575587560361
-46.57439916077311
-46.451604634420306
-46.62844422380931
-46.69685916675022
-46.62563689175329
-46.72036324804792
-46.420320785090276
-46.47263807064943
-46.52682395150781
-46.78946354755461
-46.727638933093964
-46.41947209515694
-46.514278680859135
-46.787656007837505
-46.58402092221899
-46.60417159114485
-46.54690465976569
-46.41154919571386
-46.70351415562389
-46.57307849998285
-46.58342322131416
-46.73683664374434
-46.522660115395254
