-23.54268533488947
-23.597119044198482
-23.570900573263234
-23.621771447193737
-23.54298268635805
-23.660862138497404
-23.515198625928516
-23.65942664075635
-23.523573955261778
-23.574246759986682
-23.52362668232771
-23.627785703545936
-23.53966025328587
-23.564433211524268
-23.644745563246325
-23.638259441978047
-23.525073111523707
-23.493257026991557
-23.65114185066991
-23.523896139867112
-23.491255853700203
-23.600798419835158
-23.492870497517497
-23.67118000634013
-23.59380690366191
-23.555462612003765
-23.551139745990845
-23.55135649967966
-23.52167975609391
-23.530897479121254
-23.564382903693513
-23.543812738628613
-23.5075142594491
-23.627374787483934
-23.60362090847583
-23.555588306259953
-23.614068022340653
-23.633483524481196
-23.497332042123556
-23.51729578695362
-23.55010860931549
-23.548333523884697
-23.510353889747474
-23.56948895254838
-23.551732734473443
-23.53022364055521
-23.57756185373185
-23.57303063167009
-23.5356551010398
-23.58081950740631
-23.659393127999802
-23.545441988559922
-23.579002334255538
-23.5160404322695
-23.535365765275532
-23.570198913955263
-23.5782420282037
-23.609176148048792
-23.556864496116322
-23.53026352343224
-23.584589910474634
-23.59052573148924
-23.66932000613256
-23.530012515993402
-23.603375529824746
-23.5669772209968
-23.556664977653707
-23.521833195503287
-23.6303153712115
-23.58930040619841
-23.68953736256553
-23.5001675921559
-23.549074895993407
-23.579093084205144
-23.57951115355789
-23.53424190957431
-23.597079615050163
-23.60009048433205
-23.534857326047042
-23.53160286474052
-23.691192969238582
-23.640129582874952
-23.580026800640184
-23.680260448090564
-23.59464667945831
-23.505528512607864
-23.551625068861743
-23.68889262698967
-23.523633964906168
-23.560355316417088
-23.628275036129917
-23.659749151006928
-23.50588417818606
-23.49379996972775
-23.644554229664884
-23.560273267311054
-23.64867679392929
-23.58830792530318
-23.548762550293585
-23.582213333778977
-23.652696102272067
-23.567817686130073
-23.54616553369024
-23.56412733242986
-23.508871221402618
-23.515465615587235
-23.597444811519924
-23.656449478790822
-23.551720915164186
-23.516319326701662
-23.510849156592375
-23.55964303910353
-23.591779165023684
-23.54999793468776
-23.555285613392392
-23.559069347711112
-23.59224923092298
-23.486476001680774
-23.567369541524233
-23.587728295460472
-23.5801840209447
-23.538374332727372
-23.520502746882286
-23.479123382552096
-23.530034529474307
-23.53844135950771
-23.688793969320887
-23.567981941642962
-23.564656584659858
-23.543351996881213
-23.51496211505108
-23.503769088254042
-23.627780620395576
-23.69741236730206
-23.69761480790766
-23.678101712970424
-23.521345582119
-23.507770592179863
-23.568787648374197
-23.552575468086673
-23.505383708264095
-23.527745253936807
-23.561890808501662
-23.593749883793507
-23.590434424562062
-23.564328703223904
-23.57006267593797
-23.58094892237639
-23.494576483414622
-23.51314992438676
-23.665681417004567
-23.514076306967638
-23.509061061819747
-23.516246450195975
-23.678080544977
-23.581384205533173
-23.573919957641525
-23.50543719800555
-23.581798785198412
-23.548332044304956
-23.525670088766923
-23.47814068622148
-23.544497467935926
-23.53535311209447
-23.512412052851833
-23.54492785952151
-23.567576918698002
-23.601983042366566
-23.615136967129867
-23.666207154780928
-23.639502947590646
-23.574515121328986
-23.520625470343663
-23.534168008859965
-23.61188745937725
-23.559273239823717
-23.51082388090792
-23.514598465848465
-23.62518636429406
-23.55906843098876
-23.562522138929005
-23.529230269044447
-23.599956415289004
-23.54812455005377
-23.558508287141038
-23.550420122010145
-23.559147527137604
-23.57584378936576
-23.507504210635872
-23.575022772628646
-23.594008876635566
-23.56543453458058
-23.67095457517051
-23.593459365710046
-23.61906129480203
-23.5382513462847
-23.537210727039447
-23.509038675757722
-23.57048334164008
-23.563926208759344
-23.51716017787161
-23.594834638135026
-23.508341818488628
-23.56653246826842
-23.4883128411712
-23.607297440141018
-23.525338702630087
-23.5600159759453
-23.560260595566334
-23.484598406583522
-23.512458494084406
-23.58368203291037
-23.5206856925484
-23.5102852000937
-23.599999405159693
-23.56223295571448
-23.55504427553723
-23.596259039128842
-23.54760576654877
-23.64977955182369
-23.520425402419605
-23.592455598974777
-23.657961313589794
-23.561897060205336
-23.505763860092834
-23.511118691633992
-23.702804303540656
-23.567307216538758
-23.583454322558485
-23.695640658802382
-23.55880948926215
-23.64014927864723
-23.610402196127993
-23.52685740046563
-23.6355509182014
-23.661892460971444
-23.508186266931478
-23.64243113474341
-23.53955661190049
-23.588090916097617
-23.58472793804975
-23.517461285081875
-23.601900200207375
-23.657818850444812
-23.5595999369644
-23.570075280121937
-23.51125072746975
-23.56540612760002
-23.693388317533806
-23.56181451295221
-23.573274600498372
-23.557014549186622
-23.657872654126013
-23.574717477258645
-23.65677531923231
-23.514869573436837
-23.51790638279577
-23.60913544281968
-23.543412410635927
-23.602766717456014
-23.549790468352978
-23.59885468527192
-23.492269781699886
-23.597740870511345
-23.549633926015627
-23.489767127643404
-23.636375227120674
-23.542527687926768
-23.524173570209324
-23.627977492124224
-23.584349873134652
-23.697467069178956
-23.541530758468422
-23.68705716407061
-23.584846268460005
-23.571192126958568
-23.5789840459635
-23.555808685307348
-23.514878899933443
-23.55752443198502
-23.562404141007914
-23.506644111501497
-23.55756678441848
-23.568493344091216
-23.58949109465499
-23.52542538197523
-23.518286347521848
-23.521687790529228
-23.495508191722863
-23.589144450920955
-23.522280693784136
-23.592201175169087
-23.491254816930105
-23.50800710994438
-23.521488567179507
-23.55988402012135
-23.528594348334906
-23.54266821525102
-23.50598506265805
-23.586517698756467
-23.527513594331896
-23.565396393540013
-23.54053135873705
-23.499128697020087
-23.584523033511573
-23.536034288822652
-23.522236320410748
-23.65384846242173
-23.565362166355754
-23.66397099268509
-23.606872372791386
-23.54399243415144
-23.506634457098816
-23.540619332250166
-23.617203976939297
-23.5536632245988
-23.51359387640322
-23.5515173547994
-23.520054291971793
-23.714008710829585
-23.549828425355802
-23.57827937054656
-23.557127968441783
-23.51497463274224
-23.522333310658055
-23.629752250858843
-23.537862146247814
-23.61389926110647
-23.719979279621185
-23.53006876930155
-23.519378942981255
-23.52621872581758
-23.507690356014834
-23.539116985216086
-23.509184368368366
-23.504480838340726
-23.537266296928326
-23.569575842698104
-23.51915558321835
-23.502574568488328
-23.56474672160224
-23.51853944161187
-23.61768339851955
-23.52783655291757
-23.618709184094577
-23.658761796958228
-23.686483335436215
-23.571715674012196
-23.543135476769436
-23.5638142952161
-23.618461666557373
-23.576572552182625
-23.598557547146317
-23.561357954157153
-23.528727316344202
-23.58994155036388
-23.568096548316195
-23.599279232050307
-23.578588658972873
-23.567104516363564
-23.52331572198186
-23.636614510356598
-23.533277843371526
-23.513202237922812
-23.5076156582961
-23.635525941496585
-23.659487344865465
-23.520025753350033
-23.54186700266324
-23.572621067234444
-23.657744768093043
-23.632499970338717
-23.567300522501984
-23.54699664342097
-23.569629236849604
-23.682834429667594
-23.66040376854611
-23.58457456118446
-23.600147245816792
-23.580966205577674
-23.626133247473778
-23.5093819653298
-23.542205722879082
-23.541834696142956
-23.60038573924476
-23.53433046075254
-23.520001610303222
-23.54398005341988
-23.596396885288634
-23.659503613543414
-23.529578952288997
-23.563509772037296
-23.50715518562901
-23.58835127171637
-23.534667375463947
-23.600978970520018
-23.52624179139286
-23.567449849992407
-23.626639329208064
-23.60033024943342
-23.51096737407668
-23.59141352474375
-23.558131016897622
-23.57002369091745
-23.496828041732073
-23.55645985329301
-23.484656482401245
-23.58153895997095
-23.578522814968736
-23.672798377336335
-23.641860417371536
-23.51802218011087
-23.551745673305017
-23.571908611652137
-23.535858554005795
-23.560735096754392
-23.564922114423425
-23.584383669028476
-23.55118075249495
-23.5403911346621
-23.541164721834505
-23.566790652420842
-23.633656855008237
-23.50715427105774
-23.589821724274035
-23.55395467010113
-23.561642879555347
-23.56405175805504
-23.569284662369313
-23.586987191539222
-23.676584595663442
-23.52455082168846
-23.489502219677313
-23.58438477416101
-23.535921655347455
-23.591899838753744
-23.570366401949503
-23.570509488598244
-23.626382157647267
-23.535380240922898
-23.55518534023911
-23.506789210493192
-23.496178220934052
-23.506125528602773
-23.527463114430606
-23.61702140473591
-23.52076983101079
-23.500208886417536
-23.517844240652906
-23.628829400644534
-23.57877654592514
-23.642502490551017
-23.59347417041366
-23.600818043769582
-23.64370409874629
-23.559615129749808
-23.567524674088517
-23.705908490217208
-23.52942036237777
-23.567343091812795
-23.512058465200564
-23.529446162225288
-23.510944783451166
-23.59314139019475
-23.507739949112857
-23.561599143101688
-23.556129857474854
-23.53204218425854
-23.591194263662686
-23.540489615656863
-23.56628019398457
-23.690426559335435
-23.54342443000422
-23.485554550194582
-23.573179047732573
-23.589807163087794
-23.530877666516
-23.594177296559085
-23.599762727091278
-23.612925746577687
-23.708016967367808
-23.57413057153162
-23.607610188456178
-23.667638442249622
-23.482757599714528
-23.684170560402443
-23.561112072996046
-23.601471530230594
-23.51890617815857
-23.6043211775123
-23.59113955874562
-23.600227049298905
-23.49547272205925
-23.5513717891781
-23.690732819890503
-23.499648984294655
-23.65889514139975
-23.565693881892468
-23.523670934390708
-23.612449973980084
-23.507036437679393
-23.488591792254162
-23.585827009675135
-23.558017386153434
-23.561848062641072
-23.686360298885695
-23.485273133851777
-23.71362094497704
-23.663193694314902
-23.696983589776654
-23.594506422706715
-23.5075568991063
-23.665213288623313
-23.597193571218956
-23.55295326674212
-23.598145808534586
-23.61965051173092
-23.567416839712756
-23.696603697431193
-23.509676611431743
-23.675463600186067
-23.51964320256102
-23.543466657138286
-23.62929943284713
-23.547668923685883
-23.627585223545324
-23.582133257492803
-23.54461427709682
-23.598161863663798
-23.51477821446184
-23.535711521306954
-23.593583574639425
-23.5843945594206
-23.533314095263886
-23.505395391340258
-23.587484634077313
-23.68697266298654
-23.54080277275184
-23.510565073879672
-23.516176387790154
-23.530591314543045
-23.498392735248306
-23.536926991856802
-23.515615075736108
-23.541995663626725
-23.530852003442085
-23.53371712076193
-23.529507549979524
-23.572856528907835
-23.690654313110148
-23.497044647604184
-23.5187259312069
-23.540209129122896
-23.544336537851322
-23.580856896219114
-23.52060776702165
-23.534284019633994
-23.559020573111376
-23.675887578182945
-23.6202005611852
-23.559700189628447
-23.688597621181867
-23.52893344555845
-23.54593917637587
-23.625385019760426
-23.577186872121523
-23.52768516432901
-23.69215159536295
-23.593210994758447
-23.601337563343364
-23.564741560223837
-23.495805381669467
-23.600764420569874
-23.58966581813885
-23.61162147324604
-23.54880979475637
-23.540536846955504
-23.572497847348348
-23.592478351069342
-23.562311341524424
-23.513261789301023
-23.59274316799764
-23.60065291009268
-23.662680388665688
-23.55647348826455
-23.662946147736772
-23.603162804514533
-23.527354288698966
-23.513729009895474
-23.584801862374523
-23.693209418124543
-23.566917951484708
-23.54630432433863
-23.5720701048796
-23.5466534471607
-23.581191885333528
-23.547273383171
-23.62100847830655
-23.557793923878545
-23.524885922514994
-23.57174361059759
-23.547463855807326
-23.586775216964497
-23.581178251673755
-23.56247413958466
-23.536216049818986
-23.509137847084574
-23.536607871337722
-23.499763899877603
-23.592801548463044
-23.587743099369682
-23.50845738723369
-23.543720701442012
-23.571168241439196
-23.633056243465816
-23.600623906877363
-23.58337122642911
-23.577401598014166
-23.51419843508536
-23.52523491899061
-23.53617681846234
-23.519534643075936
-23.55030879683789
-23.58642063148263
-23.597748824151022
-23.51444203260474
-23.509503606877846
-23.673786752741705
-23.54562280021987
-23.60957085916945
-23.550299670895082
-23.537181219471137
-23.559913232657134
-23.540270016622497
-23.49960420969032
-23.65627031276894
-23.549586143973613
-23.69107656788689
-23.559027527365384
-23.721894898218945
-23.572237745591533
-23.657083271531302
-23.574438090870522
-23.588506158986142
-23.624636567718447
-23.572022205763748
-23.52135052338106
-23.61987881960505
-23.600170919088708
-23.545100303640865
-23.509598972953412
-23.660255744908994
-23.58792838887101
-23.59911268180369
-23.610083150734894
-23.572119002166673
-23.51935558215664
-23.645485887788865
-23.587866127706206
-23.586365180089505
-23.569432127813343
-23.563471475810395
-23.51803316149044
-23.59720442363911
-23.721961141426895
-23.497377092961752
-23.53082896889499
-23.581946585390863
-23.572574627883952
-23.54631136036721
-23.591938632423204
-23.620675551393866
-23.505143963787255
-23.577089397799902
-23.531136213987903
-23.598061925374648
-23.593478905325842
-23.57606664921592
-23.667997519977927
-23.55252428800706
-23.669496334141225
-23.590053990051413
-23.62023070129071
-23.5329024602019
-23.52995073195756
-23.513898427178198
-23.56958818658645
-23.561526792905937
-23.50484981114424
-23.597639493593952
-23.496025667044474
-23.513360936068977
-23.481990812990215
-23.67494700207255
-23.64435356464989
-23.52271275520036
-23.571110910370436
-23.506734873887407
-23.52818660858198
-23.521317703444787
-23.587642463368258
-23.49417773834183
-23.597416909384044
-23.620659550744616
-23.673747575465285
-23.589198630640293
-23.533019047702318
-23.50117306447463
-23.56944819516593
-23.55449077916368
-23.583270635876584
-23.607972019791443
-23.51643045158832
-23.644834405912455
-23.591922948243013
-23.54122070628231
-23.65477250354929
-23.57365133386784
-23.519058256891434
-23.500430963041904
-23.584256940675612
-23.580711733825144
-23.572575331859916
-23.620125031188003
-23.505999930140526
-23.605499246051135
-23.545256913175738
-23.56539677463547
-23.678378584086555
-23.550664485908744
-23.5572147309973
-23.582238895755463
-23.532396291605963
-23.597119332336387
-23.640988955310966
-23.533094648356403
-23.538566366644755
-23.56992589018392
-23.560290040506818
-23.4945498495942
-23.594093441338778
-23.548198478989587
-23.541688484937044
-23.594957904726485
-23.554395309533497
-23.53909412791973
-23.543384162936317
-23.534004247724056
-23.556811100130368
-23.67023371168932
-23.56220660711367
-23.5206138324596
-23.509580822754742
-23.527163449588553
-23.579159331972406
-23.498442531545997
-23.646727209652997
-23.529913148635057
-23.6648614773718
-23.654559460937044
-23.53143462475525
-23.540716785664358
-23.600780705666928
-23.55325067723377
-23.536415064148898
-23.534818509734524
-23.5573788694296
-23.673015690714003
-23.517595764052633
-23.584776368813777
-23.607156075505603
-23.536897220186045
-23.503821311923783
-23.61336201729036
-23.499313639002622
-23.516685664405806
-23.637389708923877
-23.584619890845676
-23.653499557991186
-23.61386093886447
-23.587820967417763
-23.580631007213547
-23.649691613567306
-23.67156755703415
-23.60349092015738
-23.58589027599439
-23.511895765729207
-23.525838183816926
-23.68839505318486
-23.57278371424146
-23.52839659140029
-23.524746873725295
-23.510939233276282
-23.66983075444231
-23.66196095451521
-23.533432699423425
-23.573314781597226
-23.55112962542329
-23.525633792719088
-23.566321367060787
-23.66523871648313
-23.49714075682948
-23.5803655899476
-23.544650866858976
-23.59856156317782
-23.670860017161317
-23.585120936561346
-23.62210136935918
-23.66350116765457
-23.55598181619794
-23.63950324200113
-23.53395575552255
-23.541434363064845
-23.56983122658866
-23.524319478565534
-23.62626661985925
-23.527700854824673
-23.594680406078968
-23.66138878105323
-23.646404898880157
-23.682855263155442
-23.572632360558178
-23.528316999153354
-23.625366321632367
-23.58970964426847
-23.56760731165927
-23.51963940881899
-23.5078562038897
-23.597422773809768
-23.609163517919548
-23.531537255991417
-23.596549893217006
-23.546707093963228
-23.597977956158825
-23.50514231827233
-23.58176326513947
-23.670114965286597
-23.556072484252812
-23.545524920786235
-23.540808543408176
-23.56848422674446
-23.505206850209156
-23.614413616118892
-23.53465123369769
-23.563612193127135
-23.508475757826766
-23.72051980026804
-23.570655803378365
-23.590895645770203
-23.582301448094984
-23.58257514348784
-23.62161275434239
-23.558808669021893
-23.499991078175487
-23.57485607974298
-23.538628655581793
-23.621101599668055
-23.516772165664264
-23.536113361000595
-23.566990255370975
-23.545058718053703
-23.657892166640146
-23.532792553105615
-23.64239058017646
-23.614497372328096
-23.542073869764405
-23.66216645596421
-23.576751537834916
-23.545304789221746
-23.59257366794743
-23.52232310842554
-23.550660371526465
-23.59976816803629
-23.594326529635577
-23.585551787923205
-23.541056721629754
-23.567801772548616
-23.638197331596682
-23.586539871813834
-23.566047506646886
-23.532284186367967
-23.524883400548536
-23.59520500484336
-23.68515498412531
-23.596082431216264
-23.552273598941085
-23.572141124778113
-23.62805546260675
-23.701752931777968
-23.55228353702015
-23.564727747300825
-23.63824767832444
-23.563163901403094
-23.56496053879055
-23.558839250510545
-23.551862305220855
-23.576199199034036
-23.559127596544293
-23.633736645415276
-23.518877829537196
-23.586425018365958
-23.660496051314436
-23.507444055056222
-23.544939973075426
-23.514556333039906
-23.596440156689315
-23.582870457675558
-23.53977768359283
-23.513163147898716
-23.498249131756264
-23.622046630342922
-23.547642515030304
-23.578748347950565
-23.670167168227874
-23.573347604459162
-23.585042867839483
-23.629206650693455
-23.669852147866255
-23.49028542621448
-23.521808345696435
-23.55474926310794
-23.69504089125999
-23.60928315057934
-23.549433047925753
-23.58393378687679
-23.689425802168895
-23.527474217071912
-23.51546582878429
-23.506856995624304
-23.570280841878372
-23.669637611451016
-23.54040958467747
-23.48984439537333
-23.541269313065634
-23.535841757792884
-23.70335574289739
-23.51598257384604
-23.582680066919004
-23.6639654958408
-23.591537733233597
-23.496035093943917
-23.56758141300704
-23.553430229510717
-23.535086598528252
-23.604906845050404
-23.626009941449038
-23.515134876139516
-23.62178003492308
-23.533246404809784
-23.497742481107732
-23.56351466565274
-23.633679593914735
-23.550482038152698
-23.686955882476514
-23.52406657304743
-23.501644915175273
-23.525758814670333
-23.520332649073428
-23.556578491627107
-23.57653044886633
-23.60555615581222
-23.586174481697654
-23.632760779846524
-23.49504203215012
-23.52225472681135
-23.564506441861617
-23.62872461267134
-23.5708579665207
-23.64072983174242
-23.522566695832648
-23.613691069187457
-23.609040873864952
-23.565407531861766
-23.630276764543304
-23.64166635012855
-23.578600848625772
-23.576076253460684
-23.52873714339594
-23.569713572668267
-23.705040882442916
-23.670029515512827
-23.62859070452042
-23.520011395236494
-23.524965498166925
-23.57130820026732
-23.551982572066866
-23.627585787345
-23.511121617906294
-23.59704730769533
-23.542117093718087
-23.57942429575501
-23.554181009557826
-23.53211316800741
-23.53341878494079
-23.60014286908111
-23.59216853542792
-23.6319915104993
-23.51173999091605
-23.53406897874612
